Inside Main !
weights -> [[-8.37519146e-05]
 [ 2.29523871e-03]
 [-1.04128700e-02]
 [-3.82008484e-03]
 [ 6.50529615e-03]
 [-3.06798889e-03]
 [ 8.29798638e-03]
 [ 4.16690846e-03]
 [-2.00231853e-04]
 [ 3.82113325e-03]
 [-5.33316495e-03]
 [ 3.92981779e-03]
 [-1.14032056e-03]
 [ 2.50537903e-03]
 [-4.06078325e-03]
 [-2.99747257e+00]
 [ 2.79195781e-03]
 [-4.74026929e-03]
 [ 1.37113896e-03]
 [ 1.58898055e-03]
 [ 1.00006861e+01]
 [ 4.92466096e-03]
 [ 4.22494609e-03]
 [ 4.61356893e-03]
 [-4.77516299e-03]
 [-1.98154465e-03]
 [ 7.74452091e-03]
 [-1.96387969e-04]
 [-3.14347741e-03]
 [ 8.49524190e-03]
 [-7.97973967e-04]
 [-1.18083124e-02]
 [ 5.42602216e-03]
 [-4.26845026e-03]
 [-1.36542842e-03]
 [-3.83847284e-03]
 [ 2.36787815e-03]
 [-2.71101636e-03]
 [ 2.28985858e-03]
 [ 1.26938973e-03]
 [-2.50366738e-03]
 [ 4.72225388e-03]
 [-6.89377923e-04]
 [ 4.50442432e-03]
 [ 3.78291754e-03]
 [ 3.77561126e-03]
 [ 4.99727571e+00]
 [ 3.65399476e-03]
 [-7.93276265e-03]
 [ 1.70615493e-03]]
squared error -> 5.721506761000202
weights -> [[ 1.09073981e+01]
 [-3.02740387e+01]
 [ 2.19356064e+01]
 [-4.28957288e+00]
 [ 7.84720442e+00]
 [ 1.02015581e+01]
 [-2.01219030e+01]
 [-2.85715860e+00]
 [ 9.34188425e+00]
 [-2.51868161e+01]
 [ 8.59363245e+00]
 [-1.86830908e+01]
 [-9.64635252e+00]
 [ 5.46811679e+00]
 [ 1.37207091e+01]
 [ 2.00646442e+01]
 [-8.83395654e+00]
 [ 4.73872502e+00]
 [-3.61601614e+00]
 [-4.78403063e+00]
 [-4.77130486e+00]
 [-2.05019929e+01]
 [ 2.73144524e+01]
 [ 3.64998859e-01]
 [ 5.13917748e+00]
 [-4.52897374e+00]
 [-2.29204041e+00]
 [-1.21135672e+01]
 [-1.79582947e+01]
 [-3.29111949e-01]
 [-9.70094972e+00]
 [-5.28577219e+00]
 [ 2.11821726e+01]
 [-1.87715255e+01]
 [ 1.29097510e+01]
 [ 3.40124088e+00]
 [-1.94955217e+01]
 [-1.78447155e+01]
 [-9.36031883e+00]
 [ 1.14057987e+01]
 [ 2.56570453e-01]
 [-7.12667829e+00]
 [ 1.75688838e+01]
 [-7.73215870e-01]
 [ 1.21887845e+01]
 [ 8.12801031e+00]
 [-6.67286627e+00]
 [-9.91292052e+00]
 [ 1.58388983e+01]
 [ 5.21562771e+00]
 [ 6.24882579e+00]
 [-9.79070960e+00]
 [-9.16312209e+00]
 [-2.33453950e+01]
 [ 3.42039505e+00]
 [-1.14100087e+01]
 [ 2.59851517e+01]
 [ 2.25640680e+00]
 [ 3.83827712e+00]
 [-1.26302594e+01]
 [-1.41821479e+01]
 [ 3.18614808e+00]
 [ 4.19940178e-01]
 [ 1.05024474e+01]
 [-3.70638281e+00]
 [ 1.68218631e+01]
 [-1.11437371e+01]
 [ 1.43714668e-02]
 [ 4.81792526e+00]
 [ 1.68900818e+01]
 [-8.39891094e+00]
 [ 8.57318528e-01]
 [-8.55724804e+00]
 [-6.43050556e+00]
 [ 6.76253557e+00]
 [ 5.44829681e+00]
 [ 1.43834104e+01]
 [-1.45570167e+01]
 [-1.05629391e+01]
 [ 4.04129746e+00]
 [ 6.64964591e+00]
 [ 1.17063021e+01]
 [-1.80599326e-01]
 [ 2.16750542e+01]
 [ 1.18158595e+01]
 [ 1.63749605e+01]
 [ 2.32576323e+01]
 [-1.83603684e+01]
 [-6.74097618e-01]
 [ 2.56151808e+01]
 [ 1.51609414e+01]
 [ 6.89937811e-01]
 [-9.70150291e+00]
 [ 4.98827046e+00]
 [ 1.20417105e+01]
 [ 1.16906793e+01]
 [-3.63645822e+00]
 [-1.53089066e+01]
 [ 1.53360822e+01]
 [ 1.05364403e+00]
 [ 1.30010874e+01]
 [-6.79675205e-01]
 [-1.53902208e+01]
 [-6.17605007e+00]
 [-9.71053227e-01]
 [ 8.80337889e+00]
 [-9.94534654e+00]
 [ 1.13210457e+01]
 [-5.38913350e-01]
 [ 5.36995199e+00]
 [ 9.45576382e+00]
 [ 2.47177863e+01]
 [-9.52011239e+00]
 [ 3.59691754e+00]
 [ 1.84436591e+00]
 [-4.50937931e+00]
 [ 1.44185158e+00]
 [-1.04038973e+01]
 [ 1.27347522e+01]
 [ 3.58479427e+00]
 [-7.37404057e+00]
 [ 9.40610715e+00]
 [-1.75688677e+01]
 [-6.26004560e+00]
 [ 1.25901421e+01]
 [ 1.43375129e+01]
 [ 2.21923587e+01]
 [ 8.87655672e+00]
 [-3.77696261e+00]
 [ 4.55218154e+00]
 [-3.63947346e+00]
 [-1.98285393e+01]
 [ 1.46783278e+01]
 [ 9.91763182e+00]
 [ 6.87822458e-01]
 [-4.23264075e+00]
 [-1.87042411e+01]
 [ 1.00165399e+01]
 [-8.75719632e+00]
 [ 9.34039042e+00]
 [ 2.30883668e+00]
 [-3.06337182e+00]
 [-2.12724139e+00]
 [-6.90498676e+00]
 [-2.37057193e+00]
 [ 5.31818355e-01]
 [-1.90465128e+00]
 [-1.45225167e+01]
 [ 1.46450282e+01]
 [-6.93854550e+00]
 [ 1.84080371e+01]
 [ 1.11545992e+00]
 [-2.08939640e+01]
 [ 1.33787921e+01]
 [ 1.80425417e+01]
 [ 1.40127283e+01]
 [ 1.34105715e+00]
 [ 9.62988461e+00]
 [-5.27985610e+00]
 [-6.53990466e+00]
 [ 6.51949269e+00]
 [-1.14343702e+01]
 [-2.89160540e+00]
 [-3.69499047e+00]
 [-6.35988493e+00]
 [ 5.23787312e+00]
 [-4.96727716e+00]
 [-1.93996759e+00]
 [-8.06650640e+00]
 [-3.28332573e+00]
 [-1.57803964e+01]
 [ 9.96692136e+00]
 [-1.92771743e+00]
 [-1.67588281e+01]
 [ 3.84458687e+00]
 [-8.50413587e+00]
 [-1.71866060e+01]
 [ 2.53919867e+00]
 [ 1.79550216e+01]
 [ 2.46464105e+01]
 [ 1.61473022e+00]
 [ 2.62031236e+00]
 [-1.59809068e+00]
 [-3.99169411e+00]
 [ 6.34690447e+00]
 [ 7.25824879e+00]
 [ 6.85366657e+00]
 [-2.12437890e+01]
 [ 1.60091634e+01]
 [-5.86383039e+00]
 [ 6.32714642e+00]
 [-1.07914635e+01]
 [-1.10717633e+01]
 [ 1.21749552e+00]
 [ 1.18727930e+00]
 [-3.13676023e+00]
 [ 1.60174205e+01]
 [ 5.53730820e+00]
 [ 1.44207604e+01]
 [ 8.09668082e+00]
 [-1.15397849e+00]
 [ 1.06466661e+01]
 [-1.91060331e+01]
 [ 1.14298399e+01]
 [-2.66617117e+00]
 [-4.90423552e+00]
 [ 3.35684941e+00]
 [ 1.23202888e+01]
 [-3.52519423e+00]
 [-1.38720463e+01]
 [-1.06328385e+01]
 [-1.81853984e+01]
 [ 2.03519195e+00]
 [ 4.42430318e+00]
 [ 1.53021900e+00]
 [ 5.05034710e+00]
 [-1.11583289e+01]
 [ 1.17719879e+01]
 [-8.67666185e+00]
 [ 3.17494042e+00]
 [ 1.97468867e+00]
 [-1.86932308e+01]
 [-1.43990984e+01]
 [-4.02204836e+00]
 [-9.54734089e+00]
 [ 4.10518883e-01]
 [-1.05868283e+01]
 [-1.55280475e+01]
 [ 2.56049032e+00]
 [ 1.67363133e+01]
 [-1.06676829e+01]
 [ 1.50411321e+00]
 [ 2.86324480e+00]
 [ 5.64988687e+00]
 [ 8.26458818e+00]
 [-1.18673483e+01]
 [ 1.16503720e+01]
 [-7.98930946e+00]
 [ 4.20715077e+00]
 [ 1.11875275e+01]
 [ 2.50710793e+01]
 [-1.96881617e+01]
 [-1.25329326e+00]
 [-1.27830939e+00]
 [-4.88760962e+00]
 [-1.58068905e-01]
 [ 1.04711058e+01]
 [-1.06743517e+01]
 [ 5.26470836e+00]
 [ 8.54931381e+00]
 [-1.39498432e+01]
 [ 9.95568483e+00]
 [-4.91340789e+00]
 [-1.71088707e+00]
 [ 8.73764873e+00]
 [ 1.19032825e+01]
 [ 4.24304252e+00]
 [-4.80869093e+00]
 [-9.97317463e+00]
 [-9.55657900e+00]
 [-8.44435164e+00]
 [ 4.51805454e+00]
 [-8.23426200e+00]
 [ 2.26211434e+01]
 [-1.27281172e+01]
 [-6.22553991e+00]
 [-4.30467586e-01]
 [-9.18548835e+00]
 [ 3.62973687e+00]
 [ 2.65891894e+00]
 [ 3.54529818e+00]
 [ 1.89851070e+01]
 [ 2.20899294e+00]
 [ 7.76078534e+00]
 [-1.13275438e+01]
 [-5.56261478e+00]
 [-1.64749773e+01]
 [ 6.91640558e+00]
 [-1.15462204e+01]
 [-1.54870229e+01]
 [-3.36315066e-01]
 [ 1.47011348e+01]
 [-2.22377657e+01]
 [ 1.01018834e+00]
 [-6.54749136e+00]
 [ 4.24304561e-01]
 [ 1.78847449e-01]
 [ 5.76833589e-01]
 [ 3.64088137e+00]
 [-4.53738134e-01]
 [ 3.84290546e+00]
 [ 1.16827651e+00]
 [-1.09544491e+01]
 [-2.87320445e-01]
 [ 2.61339112e+00]
 [ 5.54141933e+00]
 [ 8.23383722e+00]
 [-1.92613472e+01]
 [ 3.55638218e+00]
 [ 3.16473285e+00]
 [-6.41931706e+00]
 [-1.85507269e+01]
 [ 7.67539417e+00]
 [ 7.26798807e+00]
 [-1.17548453e+01]
 [-1.39332912e+01]
 [ 7.31267133e+00]
 [-6.14043125e-01]
 [ 1.05293944e+00]
 [-8.67219226e+00]
 [-3.03346040e+00]
 [ 9.26375969e+00]
 [ 2.44699532e+01]
 [ 8.22298005e-02]
 [ 1.35514001e+00]
 [-1.32032127e+01]
 [ 8.28265939e+00]
 [ 2.87818696e+01]
 [ 4.39512215e+00]
 [-1.59620756e+01]
 [-2.54745249e+01]
 [ 1.48010983e+01]
 [ 1.12787656e+01]
 [-7.75484783e-01]
 [ 5.31493221e+00]
 [-2.77344754e+00]
 [-5.00410091e+00]
 [ 2.13458205e+00]
 [-1.77263980e+00]
 [ 1.21677516e+01]
 [-7.07653720e+00]
 [ 1.43362445e+01]
 [ 1.68826721e+01]
 [ 9.61443361e+00]
 [-4.55424569e+00]
 [-2.29776740e+00]
 [-3.76220206e-01]
 [-4.54476975e+00]
 [ 1.97420741e+00]
 [-6.26633898e+00]
 [ 9.93159169e+00]
 [-1.11633505e+00]
 [-2.27505725e+01]
 [ 1.43155844e+01]
 [ 1.11763600e+00]
 [ 2.93658797e+01]
 [-1.07243203e+01]
 [ 6.94570871e+00]
 [ 3.22187663e+00]
 [ 6.22710428e+00]
 [ 1.49628473e+01]
 [-1.20081082e+00]
 [-1.57775699e+01]
 [-8.81092658e+00]
 [ 3.49878738e+00]
 [-3.79627174e+00]
 [-9.54846025e+00]
 [ 6.01122540e+00]
 [ 2.26747104e+00]
 [-1.92495082e+01]
 [-1.13842634e+01]
 [-5.85304620e+00]
 [ 1.42082756e+01]
 [ 1.39745814e+01]
 [-6.02570766e+00]
 [ 2.98879225e+00]
 [-2.30184031e+00]
 [-7.48987967e+00]
 [ 1.40522041e+01]
 [ 5.71910379e+00]
 [-3.52635946e+00]
 [ 2.22510472e+01]
 [ 2.80920116e+00]
 [ 9.22305859e-01]
 [-2.93542368e+01]
 [ 9.00144922e+00]
 [ 1.27786795e+01]
 [-6.41164265e+00]
 [-1.23612194e+00]
 [ 2.91450467e+01]
 [ 1.09567776e+01]
 [-1.75687884e+01]
 [-5.08005688e-01]
 [-8.16616525e+00]
 [-6.23204956e+00]
 [-2.35117670e+00]
 [-5.01210648e+00]
 [-2.84633579e+00]
 [ 1.13418508e+00]
 [ 1.94191526e+00]
 [-7.52251294e+00]
 [-8.89176010e+00]
 [-1.59453858e+01]
 [ 3.74234144e+00]
 [ 4.78541640e-01]
 [-1.39673541e+01]
 [ 4.60782559e+00]
 [-1.50619557e+01]
 [ 1.52340173e+01]
 [ 1.28298857e+01]
 [-1.04531052e+01]
 [ 1.99249775e+01]
 [-5.82824763e+00]
 [-3.30765210e+01]
 [-1.59740990e+00]
 [ 7.33967347e+00]
 [ 1.91628281e+00]
 [-1.67821663e+01]
 [ 1.14182283e+01]
 [-5.75558674e+00]
 [-7.58977135e+00]
 [-8.40601600e+00]
 [ 6.38783535e+00]
 [-1.22205957e+01]
 [ 6.93586169e+00]
 [-2.39423938e+01]
 [-6.45892645e+00]
 [ 1.87196417e+01]
 [ 6.79807513e+00]
 [ 3.47961152e+00]
 [ 3.17915866e+00]
 [ 7.17520463e+00]
 [-1.05061238e+01]
 [-6.63927046e+00]
 [ 2.23806015e+00]
 [-8.74337116e+00]
 [ 1.25512711e+01]
 [-9.63089987e+00]
 [ 6.31312102e+00]
 [-1.34253826e+01]
 [-1.49159161e+01]
 [ 1.97025073e+00]
 [-2.30534682e+01]
 [ 4.96141738e-01]
 [-5.32032179e+00]
 [-1.67118894e+01]
 [ 4.05279471e+00]
 [ 1.01196576e+00]
 [-2.27504695e+00]
 [-6.32993344e+00]
 [ 1.38403207e+01]
 [ 2.26538699e-01]
 [-6.43403445e+00]
 [-6.38047275e+00]
 [-4.73025318e+00]
 [-1.80984804e+01]
 [ 7.69291569e+00]
 [-1.61720998e+01]
 [ 8.72369425e+00]
 [ 1.19168796e+01]
 [ 1.67436641e+01]
 [-1.14228061e+01]
 [-2.01845464e+01]
 [-2.32733872e+01]
 [ 2.60427152e+00]
 [ 2.31879636e+01]
 [ 1.20390343e+01]
 [ 2.35715132e+00]
 [ 5.53166768e+00]
 [ 2.91945482e+00]
 [ 2.31781127e+00]
 [-1.04356945e+01]
 [ 1.39407364e+01]
 [-1.49530886e+01]
 [-1.54331503e+01]
 [ 4.17468377e+00]
 [ 1.10567138e+01]
 [-1.24538881e+00]
 [ 3.54249867e+00]
 [-8.17266225e+00]
 [ 1.86620388e+00]
 [-1.26676497e+01]
 [ 4.57817313e+00]
 [ 1.94146825e-01]
 [-1.67436305e+01]
 [-2.06353932e+00]
 [-1.40634730e+01]
 [ 2.54561836e+01]
 [ 2.39079230e+01]
 [-2.58537266e+01]
 [-4.36547684e+00]
 [-1.51469176e+01]
 [-1.72908297e+01]
 [ 3.14434762e+00]
 [-3.62518647e+00]
 [-1.12189359e+01]
 [-1.23179818e+00]
 [ 3.54686632e+01]
 [-1.41455541e+01]
 [-5.41755514e+00]
 [ 1.81776312e+00]
 [ 3.32260180e+00]
 [ 5.24846853e+00]
 [ 4.51706162e+00]
 [-1.24558781e+00]
 [ 4.96917279e-01]
 [ 1.34691156e+00]
 [ 4.09909232e+00]
 [ 2.13443351e+01]
 [-3.38213312e+00]]
squared error -> 32984663.99126088